1.66
22.54
97.68
44.65
77.38
37.47
25.14
80.23
62.5
uhoh
34.72
17.52
93.88
22.58
32.0
91.16
21.06
49.77
random
87.41
89.13
18.71
73.9
75.27
39.02
38.87
77.52
51.53
65.64
95.48
90.81
95.63
11.05
whoops
84.7
34.66
89.07
47.08
93.1
62.06
7.63
84.18
oof
89.91
18.76
13.83
90.88
61.47
13.98
97.29
40.07
91.91
bigoof
4.03
26.26
67.79
76.55
64.82
72.91
90.27
78.88
97.67
85.09
30.2
42.56
err
24.16
24.83
37.68
52.52
63.89
21.5
78.87
10.03
68.07
27.29
23.77
81.67
48.94
95.97
er
37.97
66.55
24.5
66.58
28.98
2.84
75.03
error
73.94
86.65
72.74
93.45
95.44
54.78
39.57
68.61
81.08
ahhh
70.07
34.29
70.95
84.71
11.1
53.85
:(
51.55
38.75
56.44
94.35
